#obj 1 mat
#mess 1 size 2 1
#obj 2 mat
#mess 2 size 13 1
#mess 2 row 0 "piano_1shot_bell_plastic_ruler_inbetween.wav"
#mess 2 row 1 "piano_1shot_bell_plastic_ruler_inbetween2.wav"
#mess 2 row 2 "piano_1shot_broken_string_metal_on_top.wav"
#mess 2 row 3 "piano_1shot_broken_string_metal_on_top2.wav"
#mess 2 row 4 "piano_1shot_broken_string_metal_on_top3.wav"
#mess 2 row 5 "piano_1shot_broken_string_metal_on_top4.wav"
#mess 2 row 6 "piano_1shot_broken_string_metal_on_top5.wav"
#mess 2 row 7 "piano_1shot_chain_dragged_on_strings1.wav"
#mess 2 row 8 "piano_1shot_chain_dropped_and_dragged.wav"
#mess 2 row 9 "piano_1shot_chain_dropped_on_strings.wav"
#mess 2 row 10 "piano_1shot_clickclanck.wav"
#mess 2 row 11 "piano_1shot_muted_string_low.wav"
#mess 2 row 12 "piano_1shot_plastic_dropped_on_strings.wav"
#mess 1 row 0 "#2"
#obj 3 fmat
#mess 3 size 13 11
#mess 3 set 0 0 4579.21 0.000218378 0.00000 0.00000 1.00000 1.00000 0.00000 0.00000 4579.21 4579.21 0.000218378 7199.18 0.000138905 0.00000 0.00000 1.00000 1.00000 0.00000 0.00000 7199.18 7199.18 0.000138905 2604.65 0.000383929 0.00000 0.00000 1.00000 1.00000 0.00000 0.00000 2604.65 2604.65 0.000383929 797.528 0.00125387 0.00000 0.00000 1.00000 1.00000 0.00000 0.00000 797.528 797.528 0.00125387 855.669 0.00116868 0.00000 0.00000 1.00000 1.00000 0.00000 0.00000 855.669 855.669 0.00116868 515.850 0.00193855 0.00000 0.00000 1.00000 1.00000 0.00000 0.00000 515.850 515.850 0.00193855 464.671 0.00215206 0.00000 0.00000 1.00000 1.00000 0.00000 0.00000 464.671 464.671 0.00215206 592.925 0.00168655 0.00000 0.00000 1.00000 1.00000 0.00000 0.00000 592.925 592.925 0.00168655 704.376 0.00141970 0.00000 0.00000 1.00000 1.00000 0.00000 0.00000 704.376 704.376 0.00141970 601.111 0.00166359 0.00000 0.00000 1.00000 1.00000 0.00000 0.00000 601.111 601.111 0.00166359 452.064 0.00221208 0.00000 0.00000 1.00000 1.00000 0.00000 0.00000 452.064 452.064 0.00221208 1042.52 0.000959217 0.00000 0.00000 0.571429 0.571429 0.00000
#mess 3 set 11 7 0.00000 595.724 595.724 0.00167863 381.497 0.00262126 0.00000 0.00000 1.00000 1.00000 0.00000 0.00000 381.497 381.497 0.00262126
#mess 1 row 1 "#3"
